################################################
################################################
###### Library of Balanced Simplicial Complexes
###### 
###### A file containing the list of facets of several balanced simplicial complexes
######
###### For any communication please write to lorenzo.venturello@uos.de or lorenzo.venturello@hotmail.it
######
###### References:
###### I. Izmestiev, S. Klee, and I. Novik. Simplicial moves on balanced complexes. Adv. Math., 320:82–114, 2017.
###### M. Juhnke-Kubitzke and L. Venturello, A balanced non-partitionable Cohen-Macaulay complex. ArXiv e-prints, 2017. https://arxiv.org/abs/1711.05529
###### M. Juhnke-Kubitzke and L. Venturello. Balanced shellings and moves on balanced manifolds. ArXiv e-prints, 2018. https://arxiv.org/abs/1804.06270.
###### S. Klee and I. Novik. Lower bound theorems and a generalized lower bound conjecture for balanced simplicial complexes. Mathematika, 62(2):441–477, 2016.
###### S. Murai and Y. Suzuki. Balanced subdivisions and flips on surfaces. Proc. Amer. Math. Soc., 146(3):939–951, 2018.
###### H. Zheng. Ear Decompostion and Balanced 2-neighborly Simplicial Manifolds. ArXiv e-prints, 2016. https://arxiv.org/abs/1612.03512.


########################################################################
########################################################################
############ 2-Dimensional Complexes
############

###### Minimal balanced triangulation of the dunce hat (4 vertices on the singularity)
###### f=(1,11,34,24), h=(1,8,15,0)
###### A coloring: [[1, 3, 8], [2, 7, 10, 11], [4, 5, 6, 9]]
dunce_hat_balanced=[[6,7,8],[1,6,7],[2,4,8],[3,4,6],[3,7,9],[1,4,9],[1,2,4],[1,5,6],[2,3,10],[1,10,11],[1,4,11],[2,8,10],[2,3,7],[2,3,5],[3,4,11],[3,4,9],[1,2,5],[1,2,7],[4,6,8],[8,9,10],[1,9,10],[3,10,11],[3,5,6],[7,8,9]]

###### Minimal balanced triangulation of the dunce hat (3 vertices on the singularity)
###### f=(1,14,42,29), h=(1,11,7,0)
###### A coloring: [[2, 6, 7, 11, 12], [1, 5, 8, 9], [3, 4, 10, 13, 14]]
dunce_hat_balanced_2=[[1,4,7],[4,7,9],[8,11,10],[3,6,8],[5,12,13],[3,5,12],[5,6,13],[1,2,4],[1,3,7],[1,11,14],[2,3,9],[2,3,8],[1,11,10],[1,2,14],[1,3,12],[1,6,13],[4,8,11],[2,8,10],[1,3,6],[4,11,9],[1,12,13],[3,7,9],[1,2,10],[2,3,5],[4,6,8],[11,9,14],[2,9,14],[2,4,5],[4,5,6]]

###### Minimal balanced triangulation of the torus (S1xS1)
###### f=(1,9,27,18), h=(1,6,12,-1)
###### A coloring: [[1, 4, 7], [0, 3, 6], [2, 5, 8]]
T=[[0,2,7],[0,1,8],[4,5,6],[1,3,5],[1,6,8],[0,1,5],[3,4,8],[0,7,8],[3,7,8],[0,4,5],[2,3,4],[0,2,4],[2,6,7],[5,6,7],[4,6,8],[1,2,6],[1,2,3],[3,5,7]]

###### Balanced triangulation of the connected sum of two tori 
###### f=(1,12,42,28), h=(1,9,21,-3)
###### A coloring: [[1, 5, 8, 9], [0, 4, 2, 10], [3, 6, 7, 11]]
T#T=[[4,5,7],[6,8,10],[0,8,11],[1,4,6],[4,5,11],[0,1,6],[3,5,10],[2,6,9],[4,6,9],[2,3,8],[2,7,9],[2,5,7],[3,4,8],[2,6,8],[1,4,11],[0,7,9],[0,7,8],[1,3,10],[0,1,3],[2,3,5],[1,10,11],[3,4,9],[5,6,10],[4,7,8],[8,10,11],[0,5,11],[0,5,6],[0,3,9]]

###### Balanced triangulation of the connected sum of three tori 
###### f=(1,14,54,36), h=(1,11,29,-5)
###### A coloring: [[4, 2, 7, 9], [0, 1, 8, 11, 12], [6, 5, 3, 10, 13]]
T#T#T=[[2,3,12],[4,5,8],[6,9,11],[1,6,9],[0,6,7],[2,11,13],[4,6,11],[3,4,12],[5,9,12],[3,7,11],[3,7,8],[7,8,10],[6,7,12],[9,12,13],[4,8,13],[1,4,10],[9,10,11],[1,7,13],[2,6,12],[4,12,13],[0,7,10],[1,4,5],[5,7,12],[2,10,11],[2,3,8],[0,4,6],[3,4,11],[0,4,10],[1,2,10],[1,5,7],[1,9,13],[8,9,10],[5,8,9],[1,2,6],[7,11,13],[2,8,13]]

###### Balanced triangulation of the connected sum of four tori 
###### f=(1,14,60,36), h=(1,11,35,-7)
###### A coloring: [[3, 4, 7, 13], [0, 1, 2, 9, 10], [5, 6, 8, 11, 12]]
T#T#T#T=[[2,4,8],[1,5,13],[4,10,11],[0,3,6],[3,5,10],[2,11,13],[6,9,13],[8,9,13],[4,9,11],[0,7,8],[4,6,10],[10,12,13],[0,12,13],[7,10,12],[3,10,11],[0,8,13],[3,9,12],[1,3,8],[1,3,11],[7,9,11],[2,3,6],[0,5,7],[6,7,10],[0,4,6],[0,3,12],[1,4,8],[0,4,5],[1,7,12],[2,3,5],[5,10,13],[6,7,9],[2,7,8],[2,7,11],[1,5,7],[1,4,12],[1,11,13],[4,9,12],[3,8,9],[2,4,5],[2,6,13]]

###### Balanced triangulation of the connected sum of five tori 
###### f=(1,16,72,48), h=(1,13,43,-9)
###### A coloring: [[2, 3, 8, 12, 14], [0, 5, 6, 9, 15], [4, 1, 7, 10, 11, 13]]
T#T#T#T#T=[[2,5,10],[1,6,12],[9,10,12],[0,4,12],[4,8,9],[6,7,12],[3,6,13],[1,2,5],[1,2,15],[2,6,11],[3,7,15],[3,4,15],[4,5,12],[0,7,8],[2,6,10],[0,2,13],[0,4,8],[11,14,15],[1,6,14],[1,9,12],[3,7,9],[7,12,15],[11,12,15],[3,6,11],[7,9,14],[13,14,15],[3,5,11],[3,9,10],[1,5,14],[0,2,11],[6,10,14],[5,10,12],[5,11,14],[1,8,9],[0,7,14],[0,11,12],[0,10,14],[8,13,15],[3,4,5],[2,4,9],[1,8,15],[6,8,13],[6,7,8],[9,13,14],[2,9,13],[2,4,15],[0,3,10],[0,3,13]]

###### Minimal balanced triangulation of the real projective plane
###### f=(1,9,24,16), h=(1,6,9,0)
###### A coloring: [[2, 5, 8], [1, 6, 7], [3, 4, 9]] 
RP2=[[1,2,4],[1,4,5],[2,4,6],[1,3,5],[2,3,6],[3,5,7],[3,6,8],[4,5,7],[4,6,8],[4,7,8],[2,3,7],[1,3,8],[7,8,9],[2,7,9],[1,8,9],[1,2,9]]

###### Balanced triangulation of the connected sum of two projective planes (Klein bottle)
###### f=(1,11,33,22), h=(1,8,14,-1)
###### A coloring: [[2, 6, 7, 10], [0, 1, 3], [4, 5, 8, 9]]
RP2#RP2=[[3,6,9],[1,2,9],[1,2,8],[0,5,10],[0,5,7],[3,5,10],[2,3,9],[1,5,6],[1,8,10],[0,4,6],[0,7,9],[3,4,10],[0,6,9],[2,3,4],[0,2,4],[1,5,7],[0,2,8],[1,7,9],[1,4,10],[0,8,10],[1,4,6],[3,5,6]]

###### Balanced triangulation of the connected sum of three projective planes 
###### f=(1,12,39,26), h=(1,9,18,-2)
###### A coloring: [[1, 2, 5, 11], [0, 6, 9, 10], [3, 4, 7, 8]]
RP2#RP2#RP2=[[2,7,10],[0,2,7],[3,6,11],[2,3,10],[2,4,6],[7,9,11],[0,3,5],[5,6,8],[2,3,9],[4,6,11],[1,8,10],[2,6,8],[1,8,9],[0,5,8],[0,4,11],[1,3,10],[0,1,3],[7,10,11],[2,8,9],[0,2,4],[1,7,9],[3,9,11],[0,8,11],[8,10,11],[0,1,7],[3,5,6]]

###### Balanced triangulation of the connected sum of four projective planes 
###### f=(1,12,42,28), h=(1,9,21,-3)
###### A coloring: [[1, 3, 5, 8], [0, 7, 9, 10], [4, 2, 6, 11]]
RP2#RP2#RP2#RP2=[[2,5,10],[5,6,9],[6,8,10],[2,5,9],[0,2,3],[3,4,7],[4,8,9],[0,1,6],[4,5,10],[2,3,9],[1,6,9],[7,8,11],[4,5,7],[6,7,8],[2,8,10],[3,7,11],[1,10,11],[3,4,9],[1,9,11],[0,3,6],[5,6,7],[0,2,8],[0,4,8],[1,4,10],[0,1,4],[3,10,11],[3,6,10],[8,9,11]]

###### Balanced triangulation of the connected sum of five projective planes 
###### f=(1,13,48,32), h=(1,10,25,-4)
###### A coloring: [[1, 5, 8, 11], [0, 3, 7, 10], [2, 4, 6, 9, 12]
RP2#RP2#RP2#RP2#RP2=[[1,6,10],[4,8,10],[5,6,10],[1,7,12],[1,6,7],[6,7,11],[0,6,11],[1,4,10],[5,7,12],[0,1,2],[3,5,6],[2,5,7],[3,6,8],[0,6,8],[0,2,5],[7,9,11],[1,3,4],[2,10,11],[5,10,12],[0,4,8],[10,11,12],[0,1,12],[0,11,12],[0,4,5],[3,4,5],[1,2,3],[7,8,9],[2,7,8],[2,8,10],[2,3,11],[3,9,11],[3,8,9]]

########################################################################
############ All the 7 balanced 3-spheres on 12 vertices up to isomorphism

###### f=(1,12,42,60,30), h=(1,8,12,8,1)
###### A coloring: [[2, 6, 10], [3, 7, 11], [0, 4, 8], [1, 5, 9]]
S3_12_42=[[0,7,9,10],[5,7,8,10],[1,2,3,4],[5,6,7,8],[0,6,7,9],[1,4,6,7],[0,9,10,11],[0,3,5,6],[7,8,9,10],[1,2,4,7],[3,4,5,6],[1,3,4,6],[6,8,9,11],[0,1,2,7],[4,5,6,7],[2,4,5,7],[0,5,10,11],[2,3,4,5],[8,9,10,11],[0,1,2,3],[5,8,10,11],[0,1,3,6],[0,1,6,7],[6,7,8,9],[0,2,3,5],[0,6,9,11],[0,5,6,11],[0,5,7,10],[0,2,5,7],[5,6,8,11]]

###### f=(1,12,44,64,32), h=(1,8,14,8,1)
###### A coloring: [[2, 6, 9], [3, 7, 10], [0, 4, 8, 11], [1, 5]]
S3_12_44_1=[[1,3,9,11],[1,8,9,10],[0,3,5,9],[3,4,5,6],[1,4,6,7],[2,3,4,5],[1,2,4,7],[0,1,2,3],[1,7,8,9],[1,2,3,4],[1,3,6,11],[1,6,8,10],[0,1,3,9],[5,6,7,8],[0,1,2,7],[1,6,10,11],[0,1,7,9],[3,5,9,11],[5,9,10,11],[5,8,9,10],[4,5,6,7],[1,6,7,8],[2,4,5,7],[3,5,6,11],[0,2,5,7],[5,6,8,10],[5,6,10,11],[0,5,7,9],[1,9,10,11],[1,3,4,6],[0,2,3,5],[5,7,8,9]]

###### f=(1,12,44,64,32), h=(1,8,14,8,1)
###### A coloring: [[3, 7], [9, 6, 2, 11], [0, 8, 4, 10], [1, 5]]
S3_12_44_2=[[5,7,10,11],[0,5,7,11],[1,2,3,4],[1,2,3,10],[3,5,10,11],[2,4,5,7],[1,7,10,11],[0,1,7,11],[2,3,4,5],[4,5,6,7],[1,3,4,6],[1,7,8,9],[0,1,3,11],[3,4,5,6],[0,3,5,9],[0,1,3,9],[0,3,5,11],[5,6,7,8],[1,3,6,8],[1,2,7,10],[0,1,7,9],[1,2,4,7],[1,6,7,8],[1,4,6,7],[3,5,6,8],[2,5,7,10],[1,3,8,9],[0,5,7,9],[3,5,8,9],[2,3,5,10],[1,3,10,11],[5,7,8,9]]

###### f=(1,12,46,68,34), h=(1,8,16,8,1)
###### A coloring: [[2, 6, 9], [3, 7, 10], [0, 4, 8], [1, 5, 11]]
S3_12_46=[[1,8,9,10],[1,2,3,4],[0,1,9,10],[1,4,6,7],[3,4,6,11],[1,3,4,6],[4,5,6,10],[2,4,10,11],[1,2,4,7],[2,3,4,11],[1,6,7,8],[1,7,8,9],[0,1,3,6],[0,2,10,11],[1,6,8,10],[5,7,8,9],[0,1,6,10],[5,6,7,8],[2,4,5,7],[2,4,5,10],[0,1,2,7],[0,2,3,11],[0,1,7,9],[5,8,9,10],[4,5,6,7],[0,1,2,3],[0,5,9,10],[0,2,5,10],[0,6,10,11],[0,2,5,7],[5,6,8,10],[0,3,6,11],[0,5,7,9],[4,6,10,11]]

###### f=(1,12,48,72,36), h=(1,8,18,8,1)
###### A coloring: [[2, 6, 9], [3, 7, 10], [0, 4, 8], [1, 5, 11]]
S3_12_48_1=[[1,8,9,10],[3,4,5,6],[0,5,6,10],[2,4,5,7],[3,4,6,11],[2,3,4,5],[1,4,9,10],[1,2,4,7],[3,4,9,11],[1,7,8,9],[1,2,3,4],[1,6,8,10],[5,7,8,9],[4,9,10,11],[1,6,7,8],[5,6,7,8],[1,4,6,10],[0,1,2,7],[0,1,7,9],[0,9,10,11],[0,3,9,11],[5,8,9,10],[4,5,6,7],[0,1,2,3],[0,5,9,10],[1,4,6,7],[0,6,10,11],[0,2,5,7],[5,6,8,10],[0,3,6,11],[0,5,7,9],[1,3,4,9],[0,3,5,6],[0,2,3,5],[4,6,10,11],[0,1,3,9]]

###### f=(1,12,48,72,36), h=(1,8,18,8,1)
###### A coloring: [[3, 7, 9], [6, 2, 10], [0, 4, 8], [1, 5, 11]]
S3_12_48_2=[[1,8,9,10],[0,1,3,10],[3,4,5,6],[0,1,9,10],[0,2,9,11],[2,4,5,7],[2,3,4,5],[0,5,6,9],[4,5,6,7],[2,3,4,11],[1,6,7,8],[5,6,8,9],[8,9,10,11],[7,8,10,11],[1,7,8,10],[0,1,3,6],[2,8,9,11],[0,1,6,9],[2,4,7,11],[1,4,7,10],[1,6,8,9],[0,2,5,9],[5,6,7,8],[0,2,3,11],[0,9,10,11],[0,3,10,11],[2,5,7,8],[1,4,6,7],[2,7,8,11],[1,3,4,6],[3,4,10,11],[1,3,4,10],[4,7,10,11],[0,3,5,6],[2,5,8,9],[0,2,3,5]]

###### f=(1,12,52,80,40), h=(1,8,22,8,1)
###### A coloring: [[2, 6, 9], [3, 7, 10], [0, 4, 8], [1, 5, 11]]
S3_12_52=[[3,4,5,6],[0,5,6,10],[2,4,5,7],[3,4,6,11],[2,3,4,5],[1,2,4,10],[2,4,10,11],[4,5,6,7],[2,3,4,11],[1,6,7,8],[1,7,8,9],[8,9,10,11],[2,8,10,11],[5,6,7,8],[1,6,8,10],[0,1,3,9],[0,2,3,5],[1,4,6,10],[0,1,2,7],[0,1,7,9],[0,9,10,11],[0,3,9,11],[5,8,9,10],[1,2,4,7],[0,1,2,3],[3,8,9,11],[0,5,9,10],[1,2,8,10],[1,4,6,7],[0,6,10,11],[1,2,3,8],[5,6,8,10],[0,3,6,11],[0,5,7,9],[1,3,8,9],[0,3,5,6],[4,6,10,11],[2,3,8,11],[5,7,8,9],[0,2,5,7]]

########################################################################
###### A non-partitionable balanced Cohen-Macaulay simplicial complex
###### f=(1,22,101,140,60), h=(1,18,41,0,0)
###### A coloring: [[2, 4, 11, 17, 21], [3, 5, 9, 15, 16, 19, 20], [0, 6, 10, 7, 8], [1, 12, 13, 14, 18]]  
C_3=[[2,5,6,12],[1,5,8,11],[6,18,20,21],[4,7,14,15],[6,14,16,17],[1,2,3,10],[8,14,16,17],[4,7,13,15],[4,5,8,13],[2,6,14,15],[3,4,10,14],[0,2,3,14],[6,14,15,17],[1,4,9,10],[0,2,14,15],[1,2,9,10],[1,3,4,10],[0,2,5,12],[4,8,13,19],[4,5,7,13],[4,8,13,15],[8,14,15,17],[4,8,14,16],[1,2,6,9],[2,6,18,19],[3,4,7,14],[1,4,8,9],[1,2,5,6],[8,18,20,21],[2,10,14,16],[0,2,18,19],[1,5,6,11],[1,4,5,7],[1,6,9,11],[1,8,9,11],[4,10,14,16],[4,8,18,19],[0,2,12,15],[3,4,10,18],[2,3,10,14],[4,7,18,19],[0,1,2,5],[6,18,19,21],[2,6,18,20],[0,1,2,3],[4,8,14,15],[3,4,7,18],[2,10,18,20],[0,2,3,18],[1,4,5,8],[2,3,10,18],[2,6,12,15],[1,3,4,7],[2,6,12,19],[4,10,18,20],[4,8,18,20],[2,6,14,16],[4,7,13,19],[8,18,19,21],[0,2,12,19]]


########################################################################
############ 3-Manifolds

###### 2-neighborly balanced 3-sphere 
###### see references
###### f=(1,16,96,160,80), h=(1,12,54,12,1)
###### A coloring: [[1, 2, 3, 4], [5, 6, 7, 8],[9, 10, 11, 12], [13, 14, 15, 16]] 
S3_16_96=[[2,5,11,16],[1,6,12,15],[2,6,10,13],[4,6,9,14],[4,6,10,14],[2,8,10,13],[3,7,9,14],[2,6,9,15],[1,6,10,13],[3,6,9,16],[2,7,12,16],[3,5,9,15],[1,7,9,14],[1,7,9,13],[1,5,9,13],[4,5,11,15],[4,7,12,16],[1,5,10,16],[1,5,12,16],[3,8,9,14],[4,7,11,16],[4,6,9,16],[2,8,12,14],[4,8,10,13],[2,7,11,13],[3,8,11,15],[2,6,11,13],[2,5,12,14],[2,6,11,15],[3,7,11,14],[4,8,9,14],[2,7,11,16],[2,5,9,14],[2,5,11,15],[3,6,9,15],[4,7,11,15],[3,8,9,16],[1,6,11,13],[1,6,11,15],[1,5,9,14],[4,5,10,16],[2,6,10,14],[4,8,12,13],[2,8,12,13],[3,6,12,15],[1,8,11,15],[4,8,9,16],[3,5,10,13],[3,7,11,15],[4,7,10,13],[1,8,12,14],[3,5,9,13],[2,6,9,14],[2,5,12,16],[1,8,12,15],[3,7,10,15],[4,6,10,16],[4,7,10,15],[4,8,12,16],[1,8,11,14],[1,6,12,16],[2,8,10,14],[1,6,10,16],[3,7,9,13],[3,6,12,16],[1,5,10,13],[1,5,12,14],[3,8,12,16],[2,5,9,15],[4,5,10,15],[3,8,11,14],[1,7,11,14],[3,7,10,13],[1,7,11,13],[4,7,12,13],[2,7,12,13],[3,8,12,15],[4,8,10,14],[3,5,10,15],[4,5,11,16]]

###### S2xS1
###### see references
###### f=(1,14,64,100,50), h=(1,10,28,10,1)
###### A coloring: [[5, 7, 3], [6, 10, 11, 4], [0, 2, 9], [1, 8, 12, 13]]
S2xS1=[[0,4,7,12],[0,1,5,10],[0,3,8,10],[2,4,7,12],[0,5,8,10],[2,6,7,8],[1,2,5,6],[2,5,10,12],[0,1,7,10],[5,8,9,11],[2,5,6,13],[1,2,6,7],[0,3,8,11],[3,9,11,12],[0,5,8,11],[2,7,11,13],[6,7,8,9],[0,5,6,13],[2,4,5,12],[2,4,7,13],[0,4,7,13],[3,9,10,12],[0,4,5,12],[5,9,10,12],[0,3,11,12],[0,5,11,12],[3,6,8,9],[1,2,7,10],[3,8,9,10],[5,8,9,10],[7,9,11,13],[0,7,10,12],[1,2,5,10],[0,1,5,6],[2,3,6,13],[2,3,11,13],[3,6,9,13],[0,1,6,7],[6,7,9,13],[2,7,8,11],[7,8,9,11],[0,4,5,13],[0,3,10,12],[2,7,10,12],[2,4,5,13],[0,6,7,13],[2,3,8,11],[2,3,6,8],[3,9,11,13],[5,9,11,12]]

###### S2twistS1
###### see references
###### f=(1,12,54,84,42), h=(1,8,24,8,1)
###### A coloring: [[2, 6, 10], [3, 7, 11], [0, 4, 8], [1, 5, 9]]
S2twistS1=[[0,1,2,7],[5,7,8,10],[1,2,3,4],[5,6,7,8],[2,3,8,9],[1,4,6,7],[4,7,9,10],[1,8,10,11],[2,3,4,5],[6,8,9,11],[1,2,4,7],[1,2,8,11],[0,3,9,10],[5,8,10,11],[3,4,5,6],[0,1,6,7],[2,8,9,11],[4,6,7,9],[0,2,3,9],[4,5,10,11],[4,9,10,11],[0,1,3,6],[0,2,9,11],[4,6,9,11],[6,7,8,9],[0,5,6,7],[0,1,2,11],[3,8,9,10],[7,8,9,10],[0,2,5,7],[0,1,3,10],[0,3,5,6],[2,4,5,7],[4,5,6,11],[1,2,3,8],[4,5,7,10],[0,1,10,11],[1,3,4,6],[0,2,3,5],[0,9,10,11],[1,3,8,10],[5,6,8,11]]

###### Poincaré homology 3-sphere
###### f=(1,26,180,308,154), h=(1,22,108,22,1)
###### A coloring: [[10, 1, 5, 14, 19, 20, 21], [16, 4, 6, 11, 15, 18, 25], [0, 3, 9, 12, 17, 22], [2, 7, 8, 13, 23, 24]]
Poinc=[[15,17,19,24],[4,10,12,24],[3,6,13,19],[6,13,14,17],[1,17,24,25],[2,9,16,20],[9,10,11,23],[5,9,18,23],[13,15,21,22],[2,3,4,10],[7,15,17,19],[0,7,19,25],[0,8,10,16],[3,10,15,24],[6,7,14,22],[1,17,23,25],[0,7,10,18],[2,14,17,18],[3,14,16,23],[5,9,18,24],[2,10,12,25],[0,13,19,25],[0,2,10,25],[2,12,18,21],[0,18,21,23],[2,9,14,16],[6,7,10,22],[1,3,13,25],[1,2,4,12],[1,3,13,18],[6,21,22,24],[2,9,15,21],[1,16,17,23],[0,13,20,25],[0,16,21,24],[8,17,18,21],[10,11,17,23],[12,21,23,25],[6,14,22,23],[3,10,15,23],[5,12,23,25],[0,7,10,25],[2,17,18,21],[5,6,7,17],[0,8,18,21],[1,16,17,24],[16,17,21,24],[9,13,20,25],[5,6,12,24],[1,9,16,24],[10,13,18,22],[15,21,22,24],[1,2,12,18],[0,6,19,23],[2,9,14,15],[5,9,16,24],[8,10,16,17],[1,13,22,25],[2,3,10,16],[0,8,16,21],[3,19,24,25],[0,5,13,16],[2,15,17,21],[9,13,15,21],[1,2,3,18],[7,9,14,15],[1,13,18,22],[5,11,13,17],[1,12,18,24],[3,6,14,23],[13,14,17,18],[1,7,16,22],[5,7,17,25],[0,7,18,19],[17,19,24,25],[5,12,18,23],[1,7,9,18],[0,2,16,20],[0,2,10,16],[14,16,22,23],[5,9,11,13],[12,18,21,23],[5,6,7,12],[3,4,10,24],[13,21,22,25],[10,13,15,22],[3,13,14,18],[5,9,11,23],[1,9,18,24],[10,15,22,24],[1,7,18,22],[9,13,16,20],[0,5,6,24],[0,5,6,13],[7,9,18,19],[3,15,19,24],[0,2,20,25],[1,3,4,24],[8,16,17,21],[1,16,22,23],[0,18,19,23],[7,10,12,25],[0,5,16,24],[3,6,13,14],[9,15,19,23],[9,10,13,15],[2,3,14,16],[2,9,21,25],[6,21,22,23],[21,22,23,25],[1,22,23,25],[6,7,14,17],[0,6,21,24],[0,6,13,19],[5,17,23,25],[1,2,3,4],[3,10,16,23],[9,18,19,23],[5,11,17,23],[10,16,17,23],[10,13,17,18],[2,3,14,18],[3,6,19,23],[6,7,10,12],[8,10,17,18],[0,8,10,18],[5,12,18,24],[7,9,14,16],[10,11,13,17],[2,12,21,25],[9,10,11,13],[7,14,15,17],[0,6,21,23],[5,9,13,16],[7,9,15,19],[6,10,12,24],[9,13,21,25],[7,10,18,22],[7,14,16,22],[3,13,19,25],[1,3,24,25],[2,9,20,25],[15,17,21,24],[2,4,10,12],[2,14,15,17],[9,10,15,23],[1,4,12,24],[5,6,13,17],[6,10,22,24],[5,7,12,25],[0,13,16,20],[1,7,9,16],[7,17,19,25],[3,15,19,23]]

###### RP3
###### f=(1,16,88,144,72), h=(1,12,46,12,1)
###### A coloring: [[3, 13, 14, 15], [5, 6, 7, 12], [0, 8, 11, 1], [2, 4, 9, 10]]
RP3=[[3,7,9,11],[2,5,11,13],[1,4,7,13],[0,4,5,14],[1,6,10,13],[1,4,7,15],[0,10,12,14],[1,7,9,14],[2,5,8,13],[1,10,12,14],[1,7,9,13],[0,3,5,10],[2,7,11,14],[1,2,7,15],[3,6,8,10],[1,4,6,15],[6,10,11,13],[0,5,10,14],[3,10,11,12],[0,2,12,15],[2,3,11,12],[0,9,12,14],[6,8,9,15],[3,6,10,11],[0,2,3,7],[0,3,4,7],[1,5,10,15],[7,9,11,14],[10,11,12,13],[1,5,10,14],[4,5,11,13],[1,4,6,13],[1,9,12,14],[6,8,10,15],[1,2,5,14],[0,4,7,15],[7,8,9,13],[2,3,7,11],[0,3,10,12],[1,2,5,15],[4,5,8,13],[8,9,12,15],[3,4,7,8],[0,2,7,15],[0,2,3,12],[2,5,11,14],[4,5,11,14],[5,8,10,15],[2,8,12,13],[2,5,8,15],[4,6,11,13],[1,6,10,15],[1,10,12,13],[3,5,8,10],[0,9,12,15],[4,7,8,13],[2,8,12,15],[0,3,4,5],[0,4,6,14],[3,6,9,11],[4,6,11,14],[0,6,9,15],[1,2,7,14],[1,9,12,13],[3,4,5,8],[8,9,12,13],[3,7,8,9],[2,11,12,13],[0,6,9,14],[3,6,8,9],[0,4,6,15],[6,9,11,14]]

###### L(3,1)
###### see references
###### f=(1,16,96,160,80), h=(1,12,54,12,1)
###### A coloring: [[1, 2, 3, 4], [5, 6, 7, 8], [9, 10, 11, 12], [13, 14, 15, 16]]
L_3_1=[[3,5,11,13],[2,5,11,16],[3,6,10,16],[4,5,11,14],[4,6,12,13],[3,5,12,13],[4,6,12,14],[2,5,11,13],[3,7,9,14],[4,5,10,14],[2,8,11,13],[2,7,9,15],[4,6,11,16],[3,6,9,16],[2,7,12,16],[1,6,11,15],[2,6,10,16],[3,6,12,13],[3,8,10,14],[4,7,10,13],[1,6,12,15],[4,6,9,16],[4,8,12,14],[1,5,9,16],[2,8,9,15],[1,8,9,16],[1,5,12,16],[3,5,10,15],[1,8,10,13],[2,6,11,15],[3,7,11,14],[3,7,11,13],[2,8,12,14],[3,5,11,14],[3,8,9,16],[3,8,10,16],[1,8,11,15],[1,5,12,15],[4,8,12,13],[4,8,10,13],[3,6,12,15],[2,6,10,15],[3,6,10,15],[2,5,12,13],[3,8,9,14],[1,8,9,15],[4,5,9,16],[1,8,10,16],[2,5,12,16],[4,7,10,15],[2,7,10,15],[4,7,9,13],[1,6,11,14],[4,8,10,14],[1,8,11,13],[1,5,9,15],[1,7,12,14],[3,5,12,15],[2,8,12,13],[1,6,12,14],[4,5,9,15],[2,8,11,15],[4,5,10,15],[3,5,10,14],[1,7,11,14],[2,6,11,16],[4,6,9,13],[2,8,9,14],[2,7,10,16],[1,7,11,13],[4,7,9,15],[2,7,12,14],[3,6,9,13],[4,6,11,14],[1,7,10,13],[3,7,9,13],[4,5,11,16],[1,7,12,16],[1,7,10,16],[2,7,9,14]]

###### L(4,1)
###### f=(1,20,132,224,112), h=(1,16,78,16,1)
###### A coloring: [[4, 5, 9, 12, 14], [6, 8, 11, 16, 18], [0, 2, 7, 10, 13], [1, 3, 15, 17, 19]]
L_4_1=[[2,9,11,17],[4,13,17,18],[2,4,15,16],[0,8,12,17],[2,3,6,9],[1,7,9,18],[5,13,17,18],[2,14,15,18],[0,5,17,18],[0,1,4,6],[2,6,9,17],[7,11,12,19],[1,2,5,6],[0,11,12,17],[4,6,13,15],[4,11,13,19],[0,8,12,15],[0,5,18,19],[8,10,12,15],[0,1,4,16],[1,10,12,16],[0,5,16,19],[2,6,14,17],[2,5,6,19],[2,14,17,18],[3,6,12,13],[2,4,17,18],[3,8,10,14],[3,7,9,11],[0,11,12,15],[1,2,6,14],[0,14,16,19],[0,6,9,17],[1,4,10,16],[7,11,14,19],[0,5,8,17],[0,1,6,14],[7,12,15,18],[2,5,16,19],[1,10,12,18],[2,4,15,18],[3,7,11,14],[5,10,18,19],[0,6,14,17],[5,6,10,19],[1,9,13,18],[4,13,15,18],[1,5,13,18],[1,2,5,8],[7,11,12,15],[6,9,13,15],[4,6,13,19],[3,7,8,14],[1,2,8,14],[3,8,9,13],[2,5,15,16],[4,6,10,19],[2,4,11,17],[0,14,17,18],[7,9,15,18],[1,5,10,18],[0,4,15,16],[2,3,12,16],[1,4,6,10],[0,9,11,15],[7,14,16,19],[2,3,4,16],[3,8,12,13],[10,14,15,18],[5,8,13,17],[2,3,4,11],[0,1,14,16],[1,7,8,9],[9,13,15,18],[0,14,18,19],[7,9,11,15],[11,12,13,17],[1,5,6,10],[2,5,8,15],[4,11,13,17],[2,6,12,19],[3,10,11,14],[1,8,9,13],[1,7,8,14],[3,8,10,12],[2,8,14,15],[8,12,13,17],[1,7,12,18],[0,9,11,17],[10,11,14,19],[11,12,13,19],[2,3,6,12],[1,5,8,13],[0,5,8,15],[2,12,16,19],[3,6,9,13],[0,6,9,15],[0,5,15,16],[6,12,13,19],[10,14,18,19],[3,4,10,11],[3,10,12,16],[7,12,16,19],[3,7,8,9],[2,3,9,11],[3,4,10,16],[1,7,12,16],[10,12,15,18],[1,7,14,16],[0,4,6,15],[4,10,11,19],[8,10,14,15]]

###### L(5,1)
###### f=(1,22,152,260,130), h=(1,18,92,18,1)
###### A coloring:[[2, 7, 9, 10, 13, 14], [3, 4, 16, 19, 21], [0, 6, 8, 15, 18, 20], [1, 5, 11, 12, 17]]
L_5_1=[[4,7,12,15],[0,3,7,11],[2,3,11,20],[4,6,12,14],[9,16,17,20],[6,7,12,16],[11,14,15,19],[13,17,18,21],[0,12,13,21],[2,8,17,21],[2,4,11,20],[0,1,7,16],[3,11,13,18],[1,10,19,20],[4,9,12,15],[2,4,6,17],[1,8,9,21],[4,5,8,10],[6,11,14,19],[4,8,10,11],[11,14,18,21],[0,2,17,21],[0,2,3,11],[14,15,16,17],[1,2,8,21],[4,9,17,20],[4,6,7,12],[1,2,3,8],[0,4,12,13],[3,12,13,20],[1,8,13,19],[4,6,7,17],[5,7,19,20],[1,4,9,20],[4,8,11,14],[1,6,14,16],[2,8,16,17],[11,13,18,21],[0,2,17,19],[5,9,15,21],[1,9,19,20],[0,5,13,19],[0,1,10,16],[5,9,19,20],[2,3,8,12],[3,7,15,17],[10,12,20,21],[1,10,15,16],[4,10,11,20],[11,13,20,21],[1,14,15,16],[5,7,16,20],[4,9,15,17],[0,1,9,21],[4,6,11,14],[5,10,15,16],[0,13,17,19],[0,4,5,13],[2,6,17,19],[1,4,10,20],[3,11,14,18],[14,17,18,21],[10,11,20,21],[10,12,19,20],[0,2,11,19],[0,5,10,16],[1,3,6,13],[2,6,11,19],[8,14,16,17],[2,12,16,20],[3,13,17,18],[3,6,13,17],[1,6,13,19],[0,13,17,21],[1,6,14,19],[8,10,11,21],[7,12,15,19],[5,8,10,21],[3,11,14,15],[5,8,13,19],[3,11,13,20],[0,5,7,16],[0,4,5,10],[7,12,19,20],[1,8,9,19],[2,4,6,11],[5,8,9,19],[1,6,7,16],[0,4,9,12],[0,1,4,10],[8,14,17,21],[0,1,2,21],[5,9,15,16],[9,15,16,17],[5,10,15,21],[4,8,12,13],[8,11,14,21],[3,7,11,15],[10,12,15,21],[0,1,4,9],[1,3,8,13],[3,6,7,17],[4,5,8,13],[2,8,12,16],[8,12,14,16],[1,14,15,19],[4,8,12,14],[0,7,11,19],[3,8,12,13],[1,10,15,19],[10,12,15,19],[0,5,7,19],[12,13,20,21],[0,1,3,7],[7,12,16,20],[6,13,17,19],[7,11,15,19],[6,12,14,16],[1,3,6,7],[5,9,16,20],[3,14,17,18],[2,4,17,20],[0,1,2,3],[4,7,15,17],[3,14,15,17],[5,8,9,21],[0,9,12,21],[9,12,15,21],[2,3,12,20],[2,16,17,20]]

###### L(5,2)
###### f=(1,20,132,224,112), h=(1,16,78,16,1)
###### A coloring: [[4, 7, 10, 11, 19], [14, 5, 15, 17, 18], [0, 2, 9, 12, 16], [1, 3, 6, 8, 13]]
L_5_2=[[5,6,7,16],[3,7,16,17],[1,11,16,18],[6,7,9,17],[5,6,11,12],[1,4,9,14],[8,11,12,18],[3,10,16,18],[3,4,9,18],[5,6,9,11],[3,7,12,15],[1,11,12,15],[0,6,15,19],[1,2,7,14],[4,6,16,17],[6,7,16,17],[1,4,15,16],[3,11,12,15],[1,7,12,15],[0,4,6,17],[13,15,16,19],[8,12,17,19],[1,2,7,15],[11,13,15,16],[2,3,7,15],[0,3,18,19],[0,7,8,18],[7,8,12,17],[0,7,13,14],[8,11,12,14],[0,4,13,17],[7,8,12,18],[1,2,4,15],[2,3,10,14],[2,4,8,14],[6,12,14,19],[3,5,9,11],[4,8,9,14],[9,11,13,15],[2,8,10,15],[3,4,5,12],[4,6,15,16],[8,10,14,16],[0,8,10,15],[0,3,10,18],[0,1,14,19],[1,11,15,16],[0,3,15,19],[1,9,18,19],[9,11,13,17],[0,4,5,8],[2,3,7,14],[1,4,16,18],[0,6,11,14],[5,12,13,19],[5,13,16,19],[0,1,18,19],[0,6,14,19],[4,5,12,13],[4,5,8,9],[0,5,7,8],[8,11,16,18],[8,12,14,19],[2,3,10,15],[1,2,4,14],[6,9,11,17],[7,13,14,16],[0,11,13,14],[7,8,9,17],[0,1,7,18],[0,11,13,17],[4,12,13,17],[2,8,10,14],[8,9,17,19],[3,9,15,19],[8,10,16,18],[3,4,16,17],[3,10,14,16],[3,7,12,17],[1,11,12,18],[0,1,7,14],[5,6,7,9],[5,7,8,9],[5,6,12,19],[0,8,10,18],[3,5,11,12],[2,4,8,15],[1,7,12,18],[1,9,14,19],[9,13,15,19],[8,9,14,19],[0,5,7,13],[0,6,11,17],[0,3,10,15],[11,13,14,16],[6,11,12,14],[5,6,16,19],[5,7,13,16],[1,4,9,18],[3,9,11,15],[12,13,17,19],[3,7,14,16],[0,4,5,13],[3,4,16,18],[0,4,6,15],[9,13,17,19],[3,9,18,19],[8,11,14,16],[3,4,5,9],[6,15,16,19],[3,4,12,17],[0,4,8,15]]

###### L(6,1)
###### f=(1,24,176,304,152), h=(1,20,110,20,1)
###### A coloring: [[3, 10, 18, 20, 21, 22], [4, 6, 8, 9, 1, 16], [0, 7, 11, 15, 17, 23], [2, 5, 12, 13, 14, 19]]
L_6_1=[[9,14,17,21],[2,3,11,16],[4,5,17,20],[2,9,11,18],[5,9,15,18],[6,13,15,18],[4,7,14,21],[4,12,15,21],[4,11,12,18],[1,13,17,22],[2,4,7,20],[1,10,14,15],[6,15,18,19],[0,4,12,18],[6,11,18,19],[9,11,18,19],[5,15,16,18],[9,15,19,20],[5,11,16,20],[3,4,13,17],[7,8,19,20],[3,4,5,23],[0,6,13,22],[0,8,10,12],[8,11,12,22],[3,6,12,17],[1,15,19,20],[9,10,14,17],[1,19,20,23],[3,9,11,19],[6,12,17,21],[0,13,16,18],[2,7,8,22],[2,9,21,23],[6,11,14,20],[4,10,13,17],[8,19,20,23],[6,14,22,23],[2,3,9,11],[0,3,9,19],[1,14,22,23],[14,15,16,20],[7,9,10,14],[10,14,16,17],[0,2,4,10],[1,3,12,15],[10,13,16,17],[4,5,7,21],[5,9,21,23],[0,5,8,18],[2,4,10,17],[1,12,17,22],[4,11,14,18],[11,14,16,21],[0,2,4,22],[0,6,14,18],[2,6,17,20],[4,13,21,23],[1,3,15,19],[3,4,13,23],[2,11,16,22],[0,9,10,19],[1,3,19,23],[5,7,9,20],[5,9,18,23],[4,10,13,15],[4,5,21,23],[0,2,3,16],[4,11,14,21],[4,5,7,20],[3,6,11,19],[5,6,11,20],[7,8,10,12],[2,9,18,23],[2,8,18,23],[11,12,16,22],[1,14,20,23],[5,9,15,20],[0,5,16,18],[1,14,15,20],[3,5,11,16],[0,6,14,22],[9,15,18,19],[13,15,16,18],[4,13,15,21],[0,3,5,16],[2,6,20,23],[7,9,14,21],[6,11,14,18],[5,8,18,23],[4,7,14,22],[0,6,13,18],[12,16,17,22],[0,2,3,9],[3,5,6,17],[7,8,10,19],[7,9,10,19],[1,3,13,17],[2,8,20,23],[1,7,10,12],[11,12,16,21],[10,13,15,16],[5,6,17,20],[5,7,9,21],[3,5,6,11],[3,5,8,23],[6,13,22,23],[0,2,16,22],[0,4,10,12],[3,8,19,23],[6,13,15,21],[3,6,15,19],[6,13,21,23],[3,6,12,15],[0,4,14,18],[2,6,21,23],[11,14,16,20],[5,15,16,20],[0,8,10,19],[3,4,5,17],[1,3,12,17],[0,4,14,22],[13,16,17,22],[0,13,16,22],[2,6,17,21],[14,16,17,21],[1,3,13,23],[0,2,9,10],[1,7,12,22],[1,13,22,23],[8,11,12,18],[0,8,12,18],[6,12,15,21],[2,9,17,21],[2,8,11,18],[4,11,12,21],[0,3,8,19],[7,9,19,20],[6,14,20,23],[0,3,5,8],[2,4,17,20],[4,10,12,15],[1,7,14,22],[2,4,7,22],[1,10,12,15],[1,7,10,14],[2,9,10,17],[2,7,8,20],[2,8,11,22],[7,8,12,22],[10,14,15,16],[12,16,17,21]]

###### RP2xS1
###### f=(1,24,156,264,132), h=(1,20,90,20,1)
###### A coloring: [[6, 9, 10, 12, 13, 17], [11, 7, 15, 19, 20, 21], [0, 1, 4, 8, 14, 2], [3, 5, 16, 18, 22, 23]]
RP2XS1=[[5,13,14,15],[0,13,16,19],[8,13,21,23],[4,10,11,22],[4,6,20,22],[9,14,21,22],[0,10,16,19],[4,10,15,22],[4,11,12,22],[1,12,21,23],[8,17,21,23],[2,17,18,20],[1,3,6,20],[2,7,12,16],[0,10,11,22],[1,5,6,11],[3,8,11,12],[4,17,20,23],[2,9,19,23],[7,8,10,18],[1,7,17,18],[2,17,19,23],[0,9,11,22],[8,11,12,22],[1,3,7,17],[10,14,15,22],[1,5,12,21],[0,7,9,16],[4,6,15,22],[0,7,9,22],[2,13,15,18],[1,7,13,18],[13,14,15,18],[2,7,9,23],[0,3,6,11],[4,12,21,23],[7,8,17,18],[4,10,15,18],[2,17,20,23],[7,10,14,22],[0,5,6,15],[8,9,21,22],[8,13,19,23],[8,10,18,19],[5,9,14,21],[10,14,15,18],[1,13,21,23],[6,14,21,22],[0,3,6,15],[4,17,21,23],[0,5,13,19],[4,5,11,12],[7,10,14,18],[4,9,15,18],[0,7,10,16],[2,9,18,19],[1,5,6,21],[8,10,16,19],[1,3,17,20],[13,14,19,23],[7,9,14,23],[8,9,11,22],[8,13,16,20],[1,3,11,12],[3,8,9,11],[8,13,21,22],[3,8,9,21],[1,6,21,22],[3,4,9,15],[5,6,14,15],[1,17,18,20],[8,13,16,19],[3,4,17,20],[2,9,15,18],[2,12,16,20],[4,10,18,19],[7,8,12,16],[0,5,10,19],[8,17,19,23],[4,12,20,22],[4,12,20,23],[7,9,14,22],[2,13,18,20],[8,13,20,22],[0,3,9,15],[1,3,6,11],[5,13,14,19],[6,14,15,22],[7,13,14,18],[0,5,6,11],[1,13,21,22],[2,12,20,23],[4,5,9,19],[9,14,19,23],[4,5,10,19],[2,7,12,23],[4,5,12,21],[1,7,13,23],[3,4,6,15],[2,9,15,16],[1,13,18,20],[0,7,10,22],[3,4,17,21],[2,17,18,19],[5,6,14,21],[3,4,6,20],[5,9,14,19],[0,5,10,11],[0,9,15,16],[1,7,12,23],[2,13,16,20],[7,8,10,16],[1,6,20,22],[3,8,17,21],[4,5,10,11],[7,13,14,23],[0,13,15,16],[4,9,18,19],[8,17,18,19],[1,3,7,12],[4,5,9,21],[3,7,8,17],[2,13,15,16],[0,3,9,11],[1,13,20,22],[1,5,11,12],[3,7,8,12],[8,12,20,22],[8,12,16,20],[2,7,9,16],[3,4,9,21],[0,5,13,15]]

###### (S2xS1)#(S2xS1)
###### f=(1,16,84,136,68), h=(1,12,42,12,1)
###### A coloring: [[3, 5, 10, 11], [9, 13, 14, 15], [0, 4, 6, 8], [1, 2, 7, 12]]
(S2xS1)#2=[[1,8,9,10],[6,7,11,13],[0,1,9,10],[0,2,10,15],[2,8,10,13],[3,4,7,9],[5,8,9,12],[4,5,7,15],[2,4,10,15],[0,2,3,13],[0,2,5,13],[2,5,8,13],[3,4,7,14],[1,6,11,15],[0,2,5,9],[3,6,12,13],[4,11,12,13],[2,5,8,9],[0,3,7,15],[4,7,10,13],[5,8,12,15],[3,6,9,12],[0,7,10,13],[1,8,10,13],[6,7,9,11],[0,1,10,13],[3,7,8,15],[1,3,8,14],[1,8,11,15],[2,3,4,15],[1,6,9,11],[5,7,8,14],[1,3,8,15],[3,7,8,14],[5,6,12,15],[5,7,8,15],[5,6,9,12],[3,4,12,13],[1,3,4,14],[1,4,5,14],[0,7,10,15],[3,6,7,9],[1,4,5,15],[1,3,4,15],[8,11,12,15],[1,5,8,14],[4,7,9,11],[4,7,10,15],[4,7,11,13],[1,5,6,9],[0,2,9,10],[2,3,4,13],[2,8,9,10],[0,2,3,15],[1,8,9,11],[8,9,11,12],[0,3,7,13],[3,4,9,12],[0,1,5,13],[4,9,11,12],[3,6,7,13],[6,11,12,13],[0,1,5,9],[2,4,10,13],[1,5,6,15],[4,5,7,14],[6,11,12,15],[1,5,8,13]]

###### (S2twistS1)#(S2twistS1)
###### f=(1,16,84,136,68), h=(1,12,42,12,1)
###### A coloring: [[2, 6, 9, 13], [5, 8, 11, 14], [0, 4, 12, 15], [1, 7, 3, 10]]
(S2twistS1)#2=[[0,1,8,9],[3,11,13,15],[1,2,11,12],[0,5,10,13],[0,2,7,11],[4,8,10,13],[1,8,12,13],[3,11,12,13],[4,5,10,13],[4,7,11,13],[1,4,6,8],[2,3,4,8],[6,7,11,12],[1,4,11,13],[6,7,12,14],[2,5,7,12],[0,2,10,11],[2,3,14,15],[4,8,9,10],[3,6,11,12],[6,7,11,15],[0,2,5,10],[0,9,10,11],[7,11,13,15],[3,4,6,14],[3,6,12,14],[0,2,5,7],[1,6,14,15],[0,8,10,13],[3,4,6,8],[1,2,14,15],[3,12,13,14],[3,6,11,15],[1,2,4,14],[1,2,4,11],[9,10,11,12],[1,4,8,9],[7,9,11,12],[2,10,11,12],[1,4,5,9],[1,2,8,15],[2,4,7,8],[3,6,8,15],[2,5,10,12],[0,1,5,9],[7,12,13,14],[2,3,4,14],[1,4,5,13],[1,6,8,15],[2,3,8,15],[2,4,7,11],[4,7,8,13],[5,9,10,12],[7,13,14,15],[4,5,9,10],[3,13,14,15],[0,8,9,10],[2,7,8,12],[0,1,5,13],[6,7,14,15],[1,4,6,14],[0,5,7,9],[5,7,9,12],[1,2,8,12],[0,7,9,11],[7,8,12,13],[0,1,8,13],[1,11,12,13]]

###### (S2xS1)#RP3
###### f=(1,20,118,196,98), h=(1,16,64,16,1)
###### A coloring: [[5, 6, 9, 12, 14], [11, 4, 2, 17, 19], [0, 10, 13, 16, 18], [3, 7, 8, 1, 15]]
S2xS1#RP3_20_118=[[1,2,14,16],[5,7,10,11],[0,5,7,11],[3,5,10,19],[8,9,18,19],[1,4,12,18],[0,8,14,17],[3,11,13,14],[6,7,10,17],[9,15,18,19],[8,14,17,18],[3,13,14,19],[0,5,7,17],[4,6,7,10],[7,12,16,17],[3,9,11,18],[4,8,9,10],[3,9,17,18],[5,10,11,15],[3,6,10,19],[7,9,11,13],[2,7,12,16],[4,7,14,18],[7,10,12,17],[1,2,5,16],[4,7,9,13],[1,4,14,18],[1,10,12,17],[4,7,13,14],[4,6,15,18],[0,7,14,17],[3,6,10,17],[0,5,8,17],[3,5,13,17],[8,9,13,17],[2,5,7,16],[2,14,15,18],[4,12,15,16],[0,5,11,15],[0,3,6,19],[9,10,15,19],[5,10,15,19],[8,9,10,19],[4,14,15,16],[0,3,6,11],[4,8,9,13],[0,4,5,8],[1,4,12,16],[0,7,11,14],[3,5,10,17],[0,3,14,19],[4,5,8,13],[4,13,14,15],[0,8,14,19],[7,11,13,14],[7,14,17,18],[5,13,15,19],[4,6,8,10],[0,4,6,8],[4,7,9,10],[9,10,11,15],[14,15,18,19],[4,5,13,15],[0,6,11,15],[2,5,7,10],[3,6,17,18],[1,2,14,18],[6,11,15,18],[5,8,13,17],[3,6,11,18],[1,2,12,18],[1,4,14,16],[4,12,15,18],[2,14,15,16],[13,14,15,19],[7,9,10,11],[0,4,5,15],[8,14,18,19],[1,5,10,17],[3,5,13,19],[8,9,17,18],[2,12,15,16],[5,7,16,17],[6,8,10,19],[6,7,17,18],[1,5,16,17],[2,12,15,18],[1,2,5,10],[9,11,15,18],[3,9,13,17],[1,12,16,17],[4,6,7,18],[0,3,11,14],[2,7,10,12],[1,2,10,12],[3,9,11,13],[0,4,6,15],[0,6,8,19]]

###### RP3#RP3
###### f=(1,21,137,232,116), h=(1,17,80,17,1)
###### A coloring: [[9, 1, 5, 13, 14, 7], [15, 16, 10, 18, 19], [0, 6, 2, 17, 20], [3, 4, 8, 11, 12]]
RP3#RP3=[[2,4,9,18],[4,13,17,18],[3,5,19,20],[3,7,16,17],[7,8,10,20],[2,4,9,16],[3,6,7,16],[1,2,3,10],[11,14,17,19],[1,3,6,16],[0,9,12,19],[6,7,12,18],[7,8,16,20],[5,12,19,20],[1,8,15,17],[6,7,12,16],[5,10,12,20],[1,3,10,20],[3,14,15,20],[2,7,12,18],[1,3,18,20],[6,12,14,15],[1,2,3,16],[11,14,17,18],[3,5,10,20],[9,11,15,20],[1,4,15,17],[1,4,6,15],[5,8,16,17],[3,9,15,20],[8,9,18,20],[6,11,14,19],[0,3,9,15],[4,6,9,16],[4,14,19,20],[0,11,13,18],[9,11,16,20],[0,11,13,16],[11,13,16,20],[3,7,17,18],[3,6,7,18],[6,9,11,19],[5,6,8,18],[4,6,14,15],[11,13,15,17],[1,8,10,17],[1,4,6,16],[5,8,15,17],[2,5,8,18],[3,14,19,20],[0,11,14,18],[9,11,15,17],[7,10,12,20],[2,4,7,10],[2,8,9,16],[0,11,14,16],[4,13,15,20],[1,2,4,16],[3,9,18,20],[1,3,6,18],[4,7,17,18],[2,8,9,18],[9,12,15,17],[11,13,15,20],[4,13,15,17],[4,7,10,17],[0,3,14,15],[5,12,17,19],[3,5,16,17],[3,14,17,19],[3,5,17,19],[2,5,12,18],[5,6,8,15],[1,2,4,10],[0,4,13,18],[0,12,13,16],[1,6,8,18],[6,9,11,16],[12,13,16,20],[0,12,14,16],[4,6,14,19],[11,13,17,18],[5,6,12,18],[1,6,8,15],[1,4,10,17],[5,6,12,15],[0,4,9,19],[9,11,17,19],[12,13,19,20],[7,12,16,20],[4,6,9,19],[0,9,12,15],[4,13,19,20],[0,3,14,18],[1,8,18,20],[0,4,13,19],[9,12,17,19],[6,12,14,16],[4,14,15,20],[2,3,5,16],[3,14,17,18],[5,12,15,17],[0,12,14,15],[1,8,10,20],[7,8,10,17],[0,3,9,18],[0,12,13,19],[2,5,8,16],[8,9,16,20],[6,11,14,16],[2,7,10,12],[7,8,16,17],[2,5,10,12],[0,4,9,18],[2,3,5,10],[2,4,7,18]]

###### (S2xS1)#(S2xS1)#(S2xS1)
###### f=(1,20,118,196,98), h=(1,16,64,16,1)
###### A coloring: [[12, 2, 15, 17, 19], [14, 3, 9, 16, 18], [0, 7, 5, 6, 10], [1, 4, 8, 11, 13]]
(S2xS1)#3=[[6,13,15,16],[2,6,9,11],[7,11,16,19],[6,13,14,17],[0,13,16,19],[4,5,9,17],[7,8,12,14],[4,6,9,15],[8,9,10,17],[1,7,12,14],[3,10,12,13],[7,11,16,17],[2,3,4,10],[7,8,12,16],[3,6,8,12],[6,9,11,15],[2,4,6,14],[6,13,14,15],[6,11,12,18],[6,8,12,14],[1,3,7,19],[1,5,18,19],[1,10,12,16],[1,3,5,19],[1,10,12,14],[1,2,3,7],[3,6,12,13],[6,13,16,19],[4,5,18,19],[2,5,8,9],[1,7,17,18],[10,13,14,17],[2,4,9,10],[0,11,14,15],[2,3,8,10],[7,11,17,18],[2,3,5,8],[6,8,14,17],[6,12,13,18],[0,11,15,16],[4,6,14,15],[8,10,16,17],[6,11,16,19],[0,12,13,14],[10,12,13,14],[0,11,16,17],[2,5,9,11],[7,11,18,19],[0,1,18,19],[0,11,12,18],[0,13,18,19],[2,6,11,14],[4,7,18,19],[0,1,16,19],[3,4,5,17],[1,2,7,18],[1,10,14,17],[1,2,3,5],[4,9,10,17],[1,7,14,17],[2,3,4,7],[2,4,5,18],[0,11,12,14],[0,1,17,18],[2,4,6,9],[3,4,7,19],[3,4,10,17],[0,12,13,18],[2,5,11,14],[0,13,15,16],[1,10,16,17],[5,9,11,15],[6,11,15,16],[7,8,14,17],[4,5,9,15],[2,8,9,10],[6,13,18,19],[3,6,8,17],[1,7,16,19],[0,11,17,18],[8,10,12,16],[3,5,8,17],[3,10,13,17],[1,2,5,18],[5,8,9,17],[3,6,13,17],[6,11,12,14],[2,4,5,14],[0,13,14,15],[3,8,10,12],[0,1,16,17],[7,8,16,17],[6,11,18,19],[3,4,5,19],[1,7,12,16],[4,5,14,15],[5,11,14,15],[2,4,7,18]]

###### (S2twistS1)#(S2twistS1)#(S2twistS1)
###### f=(1,19,111,184,92), h=(1,15,60,15,1)
###### A coloring: [[3, 9, 10, 15, 17], [5, 6, 12, 13, 18], [0, 1, 8, 4, 16], [2, 7, 11, 14]]
(S2twistS1)#3=[[0,2,15,18],[1,7,13,15],[6,7,15,16],[1,2,5,9],[1,9,12,14],[4,6,10,14],[1,5,10,11],[6,11,16,17],[0,2,3,6],[7,8,9,12],[4,5,7,15],[8,9,14,18],[6,7,16,17],[7,12,16,17],[4,5,11,15],[1,3,7,18],[4,6,14,17],[1,2,15,18],[2,6,10,16],[12,14,16,17],[7,8,12,17],[4,7,10,13],[5,8,9,14],[0,7,9,18],[2,3,16,18],[10,13,14,16],[4,13,14,17],[2,3,5,8],[0,9,12,14],[6,8,14,17],[3,6,11,16],[1,5,11,15],[1,3,5,14],[1,2,3,12],[0,3,6,11],[4,5,7,10],[3,5,8,14],[1,5,9,14],[6,7,8,17],[0,14,15,18],[0,5,7,15],[6,8,14,15],[2,5,8,9],[4,6,10,11],[1,3,12,14],[1,2,9,12],[0,2,10,18],[0,2,6,10],[0,10,11,18],[13,14,16,17],[0,2,5,15],[12,14,15,16],[1,2,5,15],[11,13,16,17],[0,7,12,15],[10,11,16,18],[3,8,12,14],[0,7,9,12],[0,3,11,18],[7,12,15,16],[1,3,5,7],[0,3,5,7],[1,11,13,15],[3,11,16,18],[2,3,6,16],[0,3,7,18],[4,11,13,17],[6,14,15,16],[4,5,10,11],[6,7,8,15],[1,5,7,10],[4,7,13,15],[2,8,9,12],[0,2,3,5],[6,10,14,16],[8,14,15,18],[2,3,8,12],[7,8,9,18],[2,10,16,18],[4,6,11,17],[1,10,11,13],[1,2,3,18],[4,11,13,15],[0,12,14,15],[10,11,13,16],[0,6,10,11],[1,7,10,13],[4,10,13,14],[8,12,14,17],[0,9,14,18],[7,8,15,18],[1,7,15,18]]

###### S1xS1xS1
###### f=(1,24,168,288,144), h=(1,20,102,20,1)
###### A coloring: [[6, 9, 12, 14, 17, 20], [7, 1, 2, 16, 21, 22], [0, 4, 8, 3, 13, 15], [5, 10, 11, 18, 19, 23]]
S1xS1xS1=[[0,5,6,16],[5,6,8,21],[0,5,20,22],[1,6,11,13],[1,4,9,11],[2,5,8,17],[5,7,8,20],[1,10,15,17],[10,15,17,21],[3,9,11,22],[1,13,20,23],[2,3,9,10],[9,15,16,19],[5,15,17,21],[8,14,16,18],[0,10,17,21],[7,8,12,18],[3,11,14,21],[11,12,13,16],[1,3,20,23],[0,5,6,7],[1,15,19,20],[8,9,16,19],[3,14,18,22],[12,13,16,18],[3,14,18,21],[2,8,9,10],[0,7,11,14],[0,11,12,16],[3,11,12,21],[2,4,5,20],[0,10,17,22],[4,7,11,14],[12,15,21,23],[2,3,9,11],[1,9,15,19],[1,4,6,18],[3,6,21,23],[3,10,17,22],[1,4,6,11],[1,5,15,17],[1,5,9,15],[2,4,12,23],[1,13,19,20],[14,15,16,19],[8,17,19,21],[0,14,19,21],[2,4,20,23],[0,10,12,21],[0,11,14,21],[7,14,15,19],[13,19,20,22],[0,6,11,16],[3,12,21,23],[4,7,12,23],[3,11,14,22],[2,9,11,13],[2,3,12,23],[4,6,7,18],[3,9,10,22],[8,12,16,18],[6,15,21,23],[8,10,12,16],[13,20,22,23],[14,15,16,23],[7,8,10,12],[1,3,17,18],[13,17,18,22],[7,8,10,20],[6,8,18,21],[4,9,11,22],[1,3,10,20],[2,8,17,19],[4,5,9,22],[5,6,15,16],[4,20,22,23],[0,5,7,20],[7,15,19,20],[1,4,17,18],[4,11,14,22],[1,4,5,17],[4,14,22,23],[2,4,17,18],[5,6,15,21],[1,6,13,23],[2,12,13,18],[1,9,13,19],[2,8,10,20],[6,15,16,23],[6,13,16,23],[7,14,15,23],[0,9,10,16],[5,9,15,16],[1,3,6,23],[6,7,8,18],[8,14,16,19],[0,17,19,21],[2,13,17,19],[13,17,19,22],[0,10,12,16],[13,14,18,22],[4,7,14,23],[10,12,15,21],[2,4,5,17],[7,10,15,20],[0,19,20,22],[13,14,16,18],[7,10,12,15],[1,4,5,9],[0,7,19,20],[2,3,10,20],[2,3,20,23],[0,17,19,22],[0,9,10,22],[4,5,20,22],[8,14,19,21],[4,7,12,18],[8,14,18,21],[5,6,7,8],[1,3,10,17],[2,13,17,18],[4,6,7,11],[7,12,15,23],[0,5,9,22],[2,5,8,20],[2,3,11,12],[2,4,12,18],[1,9,11,13],[0,5,9,16],[2,9,13,19],[13,14,16,23],[3,17,18,22],[8,9,10,16],[1,10,15,20],[3,6,18,21],[2,8,9,19],[0,7,14,19],[5,8,17,21],[2,11,12,13],[13,14,22,23],[0,11,12,21],[0,6,7,11],[6,11,13,16],[1,3,6,18]]

###### Octahedral space
###### f=(1,24,168,288,144), h=(1,20,102,20,1)
###### A coloring: [[3, 9, 1, 8, 19, 20], [4, 10, 5, 14, 15, 16], [0, 12, 6, 17, 22, 23], [2, 7, 11, 13, 18, 21]]
Oct=[[0,10,20,21],[5,7,20,22],[2,4,9,17],[4,7,9,23],[11,16,17,20],[4,8,11,12],[1,2,5,12],[0,9,15,18],[1,7,12,14],[1,4,11,12],[2,6,8,10],[3,4,13,17],[1,4,7,17],[5,11,17,19],[1,16,21,23],[0,2,4,9],[2,3,16,22],[0,2,3,4],[5,7,9,22],[1,5,12,21],[6,7,16,19],[2,16,19,22],[0,9,10,11],[2,3,10,22],[11,15,20,22],[9,13,16,22],[5,8,11,23],[3,5,13,22],[9,12,13,15],[6,13,14,19],[1,4,6,13],[1,5,21,23],[0,7,14,20],[3,12,13,14],[2,5,19,23],[8,10,21,22],[1,13,16,23],[4,7,8,23],[4,8,11,23],[8,11,12,15],[15,18,19,23],[1,4,6,11],[1,4,7,12],[14,17,20,21],[4,7,9,17],[2,15,19,22],[1,16,17,21],[3,5,12,21],[4,9,18,23],[2,5,17,19],[5,11,17,20],[6,8,13,14],[7,15,19,22],[8,16,21,23],[2,5,9,17],[6,10,20,21],[1,2,15,23],[6,10,11,20],[0,3,13,14],[1,10,11,12],[8,11,15,22],[4,7,8,12],[5,9,12,13],[7,15,20,22],[5,8,21,22],[1,4,13,17],[7,8,12,14],[1,2,6,10],[9,10,11,12],[6,7,8,14],[2,3,16,17],[0,3,4,13],[0,3,10,21],[5,7,9,17],[1,13,16,17],[7,14,17,20],[3,5,21,22],[0,7,15,19],[9,13,16,23],[6,11,16,20],[7,9,16,23],[2,6,8,15],[4,18,19,23],[6,8,13,15],[2,9,10,12],[1,6,10,11],[1,13,15,23],[0,14,20,21],[2,3,4,17],[0,7,15,20],[0,15,18,19],[5,9,13,22],[5,8,21,23],[1,6,13,15],[6,11,16,19],[2,5,9,12],[2,16,17,19],[9,11,12,15],[4,6,13,19],[0,3,14,21],[3,12,14,21],[8,12,13,14],[1,14,17,21],[1,2,5,23],[5,8,11,22],[4,6,11,19],[2,8,15,22],[1,7,14,17],[3,5,12,13],[6,7,14,19],[0,9,11,15],[8,12,13,15],[0,13,14,19],[7,16,19,22],[7,9,16,22],[3,10,21,22],[0,2,3,10],[5,11,20,22],[0,11,15,20],[0,2,9,10],[5,7,17,20],[0,10,11,20],[1,12,14,21],[6,16,20,21],[0,4,9,18],[0,4,13,19],[3,13,16,22],[6,8,10,21],[1,2,6,15],[9,15,18,23],[2,8,10,22],[7,8,16,23],[6,8,16,21],[5,11,19,23],[2,15,19,23],[0,7,14,19],[3,13,16,17],[0,4,18,19],[16,17,20,21],[6,7,8,16],[4,11,19,23],[1,2,10,12],[9,13,15,23],[11,16,17,19]]

###### Cube space
###### f=(1,23,157,268,134), h=(1,19,94,19,1)
###### A coloring: [[6, 3, 7, 5, 13, 17], [9, 11, 12, 14, 21], [0, 8, 10, 15, 18, 22], [1, 4, 2, 16, 19, 20]]
CubeSpace=[[14,15,17,20],[4,9,17,18],[2,7,9,22],[3,19,21,22],[0,3,9,16],[3,10,11,19],[3,4,10,14],[0,1,11,17],[2,8,11,13],[2,5,8,14],[3,14,15,20],[1,6,12,22],[2,5,9,22],[2,10,11,13],[4,6,12,18],[12,17,18,20],[2,14,17,18],[9,13,19,22],[1,9,13,22],[3,12,20,22],[4,10,12,17],[0,3,12,19],[0,2,17,21],[0,1,6,11],[0,7,9,16],[2,7,10,21],[0,4,9,17],[6,8,11,19],[1,7,9,22],[13,19,21,22],[4,8,9,13],[5,9,19,22],[1,7,8,12],[3,12,19,22],[4,13,14,15],[0,7,14,20],[0,5,12,19],[1,9,13,15],[4,7,10,12],[3,12,15,16],[3,10,19,21],[4,6,8,12],[10,12,16,17],[4,9,13,15],[5,14,18,19],[2,13,15,21],[1,11,15,17],[2,5,10,12],[1,13,15,21],[0,6,20,21],[1,7,9,15],[2,5,12,22],[7,11,15,16],[2,9,17,18],[4,12,17,18],[2,5,8,11],[2,15,17,21],[1,7,11,15],[0,1,17,21],[12,15,16,17],[8,11,13,19],[4,6,8,9],[1,6,21,22],[4,8,13,14],[2,5,9,18],[0,6,14,20],[3,4,9,15],[10,13,19,21],[0,2,9,17],[6,14,18,19],[4,7,8,12],[3,4,14,15],[0,1,6,21],[7,8,11,16],[2,13,14,15],[2,7,12,22],[0,2,7,9],[5,10,12,16],[5,8,11,16],[6,14,18,20],[0,5,12,16],[2,14,15,17],[2,10,13,21],[6,12,20,22],[7,9,15,16],[10,11,13,19],[10,11,16,17],[3,10,14,20],[7,8,14,16],[5,8,14,16],[0,2,7,21],[5,9,18,19],[0,6,11,19],[1,13,21,22],[5,12,19,22],[4,10,11,17],[2,5,14,18],[0,5,14,19],[3,20,21,22],[4,7,10,14],[2,8,13,14],[0,6,14,19],[3,10,20,21],[12,15,17,20],[8,9,13,19],[4,6,9,18],[3,9,15,16],[1,15,17,21],[1,6,8,12],[6,12,18,20],[6,8,9,19],[3,12,15,20],[0,4,11,17],[11,15,16,17],[1,7,12,22],[0,3,4,11],[14,17,18,20],[1,7,8,11],[7,10,14,20],[1,6,8,11],[0,3,4,9],[0,3,12,16],[0,7,14,16],[0,7,20,21],[0,3,11,19],[4,7,8,14],[2,5,10,11],[3,4,10,11],[2,7,10,12],[7,10,20,21],[0,5,14,16],[5,10,11,16],[6,9,18,19],[6,20,21,22]]

########################################################################
########################################################################

###### Balanced triangulation of S3 containing a triple trefoil knot on vertices (100001,100002,100003,100012,100013,100023). It is non-shellable.
###### f=(1,28,204,352,176), h=(1,24,126,24,1)
###### A coloring: [[8, 18, 6, 12, 100001, 100002, 100003], [11, 16, 17, 10, 14, 2], [0, 19, 20, 5, 7, 9, 13, 4], [1, 21, 15, 3, 100012, 100013, 100023]]
Triple_trefoil=[[0,2,6,100013],[0,10,21,100003],[5,11,12,100023],[8,17,20,100012],[0,8,17,100012],[3,7,11,100001],[0,10,21,100001],[1,11,19,100001],[10,20,100003,100013],[1,14,18,19],[5,16,100002,100013],[11,19,21,100001],[2,4,100002,100013],[5,12,16,100013],[8,16,19,21],[2,4,100001,100013],[5,17,18,100023],[0,17,100002,100013],[3,7,16,100001],[11,13,100001,100023],[0,1,8,17],[6,14,19,100013],[1,8,17,20],[1,10,18,20],[4,16,100001,100023],[2,5,6,100023],[5,11,18,100023],[5,14,100001,100012],[1,13,17,100002],[6,17,19,100013],[5,6,10,100023],[13,17,21,100002],[5,17,100003,100023],[1,14,19,100001],[0,16,100001,100023],[14,19,21,100001],[10,18,20,100013],[0,15,17,100003],[7,15,16,100003],[6,14,19,21],[0,6,10,15],[2,18,19,100012],[3,7,11,100003],[17,19,100003,100023],[5,14,21,100001],[6,14,20,100013],[5,6,16,21],[9,15,16,100001],[10,20,21,100002],[0,1,8,16],[0,2,100002,100013],[9,12,15,16],[7,11,18,100013],[1,14,20,100001],[10,12,13,100012],[4,16,100001,100013],[8,11,20,21],[17,18,19,100013],[9,16,100001,100013],[2,12,20,100012],[10,18,19,100012],[0,6,10,100023],[2,4,100002,100023],[11,20,100003,100013],[5,6,10,15],[3,7,16,100003],[11,12,13,100012],[0,10,15,100003],[0,2,100002,100023],[11,19,100002,100012],[5,12,15,16],[10,13,21,100001],[0,6,15,17],[8,16,20,21],[0,1,17,100002],[1,8,16,20],[5,11,12,100013],[0,2,6,100023],[14,20,100001,100012],[2,19,100003,100012],[0,3,11,100001],[1,10,20,100002],[5,10,12,15],[5,17,100002,100013],[1,11,13,100001],[5,11,18,100013],[2,7,18,100023],[0,8,16,100012],[1,11,19,100002],[8,11,19,100012],[4,16,100002,100013],[5,17,21,100002],[7,10,18,100013],[1,10,19,100002],[2,5,100003,100012],[0,3,16,100003],[7,10,12,100012],[0,17,100003,100012],[7,11,100003,100013],[17,18,19,100023],[11,13,100002,100012],[2,7,15,100001],[2,5,6,100012],[2,7,100001,100023],[8,16,19,100012],[8,11,19,21],[10,20,21,100003],[8,11,20,100012],[5,6,15,16],[2,7,12,100012],[6,16,19,21],[15,16,19,100003],[1,17,20,100001],[2,9,15,100001],[2,12,20,100013],[10,19,100002,100012],[16,20,21,100002],[0,1,16,100002],[1,16,20,100002],[5,17,21,100001],[2,19,100003,100023],[7,11,100001,100023],[10,12,13,100023],[10,13,21,100002],[15,17,19,100003],[0,10,100001,100023],[0,16,100002,100023],[2,4,100001,100023],[14,18,20,100013],[7,15,16,100001],[17,20,100001,100012],[9,12,16,100013],[7,11,18,100023],[5,17,100003,100012],[11,20,21,100003],[2,18,19,100023],[7,10,15,100003],[7,10,12,15],[5,6,14,21],[5,16,21,100002],[2,9,12,15],[1,11,13,100002],[2,9,12,100013],[7,10,18,100012],[2,9,100001,100013],[6,15,16,19],[1,10,18,19],[0,3,11,100003],[10,13,100002,100012],[7,10,100003,100013],[0,6,17,100013],[2,7,18,100012],[10,13,100001,100023],[2,6,20,100013],[6,15,17,19],[16,19,100003,100012],[5,17,18,100013],[2,5,100003,100023],[0,3,16,100001],[11,12,20,100013],[11,12,13,100023],[11,12,20,100012],[1,13,17,100001],[0,11,21,100001],[1,14,18,20],[4,16,100002,100023],[0,16,100003,100012],[0,11,21,100003],[5,17,100001,100012],[2,7,12,15],[2,6,20,100012],[13,17,21,100001],[6,14,20,100012],[5,10,12,100023],[5,6,14,100012],[14,18,19,100013]]

###### Balanced triangulation of S3 containing a double trefoil knot on vertices (100001,100002,100003,100012,100013,100023). It is shellable, but not vertex decomposable.
###### f=(1,22,136,228,114), h=(1,18,76,18,1)
###### A coloring: [[12, 7, 17, 19, 16, 20], [13, 100001, 100002, 100003, 21], [6, 8, 11, 14, 15, 18], [9, 10, 100012, 100013, 100023]]
Double_trefoil=[[6,19,100003,100012],[6,19,100003,100013],[13,15,19,100013],[6,10,12,100001],[17,18,100001,100012],[6,9,12,100001],[16,18,100001,100012],[8,9,12,100001],[6,17,100001,100012],[8,20,100001,100013],[7,8,9,100003],[10,17,18,100002],[14,19,100001,100023],[12,14,100002,100012],[11,13,16,100023],[6,13,19,100023],[10,15,19,100001],[11,13,17,100023],[9,11,19,100003],[6,9,12,13],[7,14,100002,100013],[8,13,20,100013],[9,14,19,100001],[11,13,16,100012],[6,19,21,100012],[14,19,21,100012],[11,16,100003,100012],[6,9,17,100001],[11,16,100003,100013],[13,14,20,100013],[12,13,14,100012],[6,17,21,100012],[10,17,18,100001],[8,13,20,100023],[6,16,100002,100013],[11,19,100002,100013],[6,10,16,100001],[11,19,100003,100013],[16,18,21,100012],[7,14,100001,100013],[13,14,16,100012],[12,15,100001,100023],[7,14,100002,100012],[14,19,21,100023],[10,11,19,100002],[8,20,100001,100023],[11,16,100002,100013],[6,12,100002,100013],[9,11,13,17],[10,12,15,100002],[6,13,19,100013],[13,15,19,100023],[15,19,100002,100013],[12,15,100002,100012],[7,13,15,100013],[6,10,12,100002],[8,9,12,100003],[7,15,100002,100012],[13,14,16,100023],[12,15,100003,100023],[6,16,100003,100013],[7,15,100003,100023],[9,11,17,100001],[14,20,100001,100023],[7,9,14,100001],[16,18,100002,100023],[10,12,15,100001],[17,18,21,100012],[14,20,100001,100013],[17,18,100002,100023],[6,16,100001,100012],[12,15,100003,100012],[6,10,16,100002],[17,18,21,100023],[14,16,21,100012],[8,12,100001,100023],[6,19,21,100023],[10,15,19,100002],[6,12,13,100013],[11,16,100002,100023],[7,9,14,100003],[10,11,17,100002],[6,13,17,100023],[15,19,100001,100023],[9,11,12,100003],[16,18,21,100023],[7,14,100003,100012],[7,8,9,100001],[10,16,18,100001],[14,16,21,100023],[13,14,20,100023],[6,17,21,100023],[9,11,12,13],[8,12,100003,100023],[11,17,100002,100023],[12,13,14,100013],[10,11,19,100001],[11,12,13,100012],[7,8,13,100013],[12,14,100002,100013],[11,12,100003,100012],[6,16,100003,100012],[14,19,100003,100012],[6,9,13,17],[7,15,100002,100013],[9,11,19,100001],[10,11,17,100001],[10,16,18,100002],[7,15,100003,100012],[7,8,13,100023],[9,14,19,100003],[7,8,100003,100023],[7,13,15,100023],[7,8,100001,100013]]
